all
T-statistic: -4.773747931124501
P-value: 0.0010100603508310334
Forests
T-statistic: -1.2452991177680655
P-value: 0.24446738447840416
Grasslands
T-statistic: -5.518963219218481
P-value: 0.0003709799400778233
Wetlands
T-statistic: -0.4580700712319124
P-value: 0.657761157475088
